Position=1.13921 1.32506 2.23417
Up=0 1 0
Yaw=-0.75
Pitch=-17.75
Zoom=45
