Position=1.26613 1.59725 2.30809
Up=0.450094 0.892979 -0.00196392
Yaw=-0.25
Pitch=-26.75
Zoom=45
