Position=1.05745 1.77596 2.20135
Up=0.480948 0.876727 -0.00629595
Yaw=-0.75
Pitch=-28.75
Zoom=45
