Position=2.29808 2.06254 4.7585
Up=0 1 0
Yaw=-105.5
Pitch=-21.75
Zoom=45
