Position=1.54523 2.0565 4.85252
Up=-0.00793075 0.902532 -0.43055
Yaw=-92.5
Pitch=-25.5
Zoom=45
