Position=1.57189 2.09355 5.13339
Up=-0.00906029 0.938191 -0.345998
Yaw=-91.5
Pitch=-20.25
Zoom=45
