Position=1.47023 2.05601 4.85276
Up=-0.00723737 0.909961 -0.41463
Yaw=-91
Pitch=-24.5
Zoom=45
