Position=0.916876 2.08133 5.31487
Up=0.0779167 0.920471 -0.382964
Yaw=-77.25
Pitch=-23
Zoom=45
