Position=1.60214 1.9287 4.99903
Up=0.0101436 0.936665 -0.350081
Yaw=-89
Pitch=-20.5
Zoom=45
