Position=1.32072 2.16805 5.28304
Up=0.0577538 0.920505 -0.386439
Yaw=-81.5
Pitch=-23
Zoom=45
