Position=1.49861 1.02615 2.7248
Up=0.00847442 0.990242 -0.139101
Yaw=-89.5
Pitch=-8
Zoom=45
