Position=2.18814 1.76038 5.77676
Up=-1.3326e-08 0.952396 -0.304864
Yaw=-90
Pitch=-17.75
Zoom=45
