Position=2.40382 2.11455 5.47593
Up=0 1 0
Yaw=-90
Pitch=-22.5
Zoom=45
