Position=2.31273 2.39337 5.54266
Up=0 1 0
Yaw=-90
Pitch=-25.5
Zoom=45
