Position=1.19251 2.17619 5.33764
Up=0.0778993 0.920505 -0.382887
Yaw=-78.5
Pitch=-23
Zoom=45
