Position=1.63483 1.22829 3.12597
Up=0.0101436 0.936665 -0.350081
Yaw=-89
Pitch=-20.5
Zoom=45
