Position=0.989864 1.80111 4.79531
Up=0.0753551 0.932008 -0.354518
Yaw=-78
Pitch=-21.25
Zoom=45
