Position=1.29 1.41 4.6
Up=0.00799898 0.973379 -0.229061
Yaw=-88
Pitch=-13.25
Zoom=45
