Position=1.73658 2.5631 3.95134
Up=-0.00429715 0.870356 -0.492405
Yaw=-90.5
Pitch=-29.5
Zoom=45
