Position=1.6 1.78085 4.18401
Up=0 1 0
Yaw=-90
Pitch=-22.5
Zoom=45
