Position=1.96815 1.91808 4.06793
Up=0 1 0
Yaw=-108
Pitch=-22.5
Zoom=45
