Position=0.531261 1.29329 1.68969
Up=0.00175733 0.915311 -0.402743
Yaw=-89.75
Pitch=-23.75
Zoom=45
