Position=0.621399 0.959221 0.526309
Up=-0.649392 0.760406 0.00850102
Yaw=-180.75
Pitch=-40.5
Zoom=45
