Position=1.83102 1.31195 1.12919
Up=0.00313852 0.694658 0.719333
Yaw=-270.25
Pitch=-46
Zoom=45
